2018-11-14 21:40:13.714834 - Ommiting, team already in file: Colorado State
2018-11-14 21:40:13.714916 - Ommiting, team already in file: Grambling
2018-11-14 21:40:13.714986 - Ommiting, team already in file: Indiana
2018-11-14 21:40:13.715055 - Ommiting, team already in file: Kentucky
2018-11-14 21:40:13.715123 - Ommiting, team already in file: Marquette
2018-11-14 21:40:13.715191 - Ommiting, team already in file: Montana St.
2018-11-14 21:40:13.715258 - Ommiting, team already in file: New Mexico St.
2018-11-14 21:40:13.715327 - Ommiting, team already in file: North Dakota
2018-11-14 21:40:13.715396 - Ommiting, team already in file: San Diego State
2018-11-14 21:40:13.715464 - Ommiting, team already in file: Seattle U
2018-11-14 21:40:13.715530 - Ommiting, team already in file: St. Mary&#039;s (Cal.)
2018-11-14 21:40:13.715598 - Ommiting, team already in file: Stetson
2018-11-14 21:40:13.715666 - Ommiting, team already in file: Texas Southern
2018-11-14 21:40:13.715735 - Ommiting, team already in file: USC
2018-11-14 21:40:13.715803 - Ommiting, team already in file: Washington St.
2018-11-14 21:40:13.715871 - Ommiting, team already in file: Wyoming
2018-11-14 21:45:07.309072 - Ommiting, team already in file: Colorado State
2018-11-14 21:45:07.309137 - Ommiting, team already in file: Grambling
2018-11-14 21:45:07.309190 - Ommiting, team already in file: Indiana
2018-11-14 21:45:07.309243 - Ommiting, team already in file: Kentucky
2018-11-14 21:45:07.309296 - Ommiting, team already in file: Marquette
2018-11-14 21:45:07.309350 - Ommiting, team already in file: Montana St.
2018-11-14 21:45:07.309402 - Ommiting, team already in file: New Mexico St.
2018-11-14 21:45:07.309455 - Ommiting, team already in file: North Dakota
2018-11-14 21:45:07.309508 - Ommiting, team already in file: San Diego State
2018-11-14 21:45:07.309561 - Ommiting, team already in file: Seattle U
2018-11-14 21:45:07.309613 - Ommiting, team already in file: St. Mary&#039;s (Cal.)
2018-11-14 21:45:07.309665 - Ommiting, team already in file: Stetson
2018-11-14 21:45:07.309718 - Ommiting, team already in file: Texas Southern
2018-11-14 21:45:07.309771 - Ommiting, team already in file: USC
2018-11-14 21:45:07.309824 - Ommiting, team already in file: Washington St.
2018-11-14 21:45:07.309877 - Ommiting, team already in file: Wyoming
2018-11-15 19:29:52.230306 - Writing team to file: Abilene Christian
2018-11-15 19:29:52.230324 - Writing team to file: Alabama
2018-11-15 19:29:52.230332 - Writing team to file: Appalachian St.
2018-11-15 19:29:52.230337 - Writing team to file: BYU
2018-11-15 19:29:52.230343 - Writing team to file: Ball State
2018-11-15 19:29:52.230349 - Writing team to file: Belmont
2018-11-15 19:29:52.230355 - Writing team to file: Bethune-Cookman
2018-11-15 19:29:52.230360 - Writing team to file: Bowling Green
2018-11-15 19:29:52.230366 - Writing team to file: Boyce
2018-11-15 19:29:52.230372 - Writing team to file: CSU Bakersfield
2018-11-15 19:29:52.230377 - Writing team to file: CSU Fullerton
2018-11-15 19:29:52.230383 - Writing team to file: California
2018-11-15 19:29:52.230388 - Writing team to file: Carver Bible
2018-11-15 19:29:52.230394 - Writing team to file: Central Ark.
2018-11-15 19:29:52.230399 - Writing team to file: Central Mich.
2018-11-15 19:29:52.230405 - Writing team to file: Cornell
2018-11-15 19:29:52.230410 - Writing team to file: Creighton
2018-11-15 19:29:52.230416 - Writing team to file: Davidson
2018-11-15 19:29:52.230421 - Writing team to file: DePaul
2018-11-15 19:29:52.230427 - Writing team to file: Delaware
2018-11-15 19:29:52.230433 - Writing team to file: Denver
2018-11-15 19:29:52.230438 - Writing team to file: Detroit Mercy
2018-11-15 19:29:52.230443 - Writing team to file: Elon
2018-11-15 19:29:52.230449 - Writing team to file: Evansville
2018-11-15 19:29:52.230455 - Writing team to file: Fla. Christian
2018-11-15 19:29:52.230460 - Writing team to file: Fresno State
2018-11-15 19:29:52.230466 - Writing team to file: Furman
2018-11-15 19:29:52.230471 - Writing team to file: Gonzaga
2018-11-15 19:29:52.230477 - Writing team to file: Hartford
2018-11-15 19:29:52.230482 - Writing team to file: Idaho State
2018-11-15 19:29:52.230488 - Writing team to file: Iowa
2018-11-15 19:29:52.230493 - Writing team to file: Kentucky Wesleyan
2018-11-15 19:29:52.230499 - Writing team to file: Lincoln (Pa.)
2018-11-15 19:29:52.230504 - Writing team to file: Lipscomb
2018-11-15 19:29:52.230510 - Writing team to file: Milligan
2018-11-15 19:29:52.230515 - Writing team to file: Mississippi Val.
2018-11-15 19:29:52.230521 - Writing team to file: Monmouth
2018-11-15 19:29:52.230526 - Writing team to file: Morgan State
2018-11-15 19:29:52.230532 - Writing team to file: N.C. Central
2018-11-15 19:29:52.230537 - Writing team to file: North Greenville
2018-11-15 19:29:52.230543 - Writing team to file: Northeastern
2018-11-15 19:29:52.230548 - Writing team to file: Ohio St.
2018-11-15 19:29:52.230554 - Writing team to file: Oral Roberts
2018-11-15 19:29:52.230559 - Writing team to file: Oregon
2018-11-15 19:29:52.230565 - Writing team to file: Pacific
2018-11-15 19:29:52.230570 - Writing team to file: Penn St.
2018-11-15 19:29:52.230576 - Writing team to file: Pittsburgh
2018-11-15 19:29:52.230581 - Writing team to file: Presbyterian
2018-11-15 19:29:52.230587 - Writing team to file: Purdue
2018-11-15 19:29:52.230592 - Writing team to file: Quinnipiac
2018-11-15 19:29:52.230598 - Writing team to file: Saint Joseph&#039;s
2018-11-15 19:29:52.230603 - Writing team to file: San Diego
2018-11-15 19:29:52.230609 - Writing team to file: San Diego Christian
2018-11-15 19:29:52.230614 - Writing team to file: San Jose State
2018-11-15 19:29:52.230620 - Writing team to file: Santa Clara
2018-11-15 19:29:52.230625 - Writing team to file: Southern Miss
2018-11-15 19:29:52.230631 - Writing team to file: Syracuse
2018-11-15 19:29:52.230636 - Writing team to file: TCU
2018-11-15 19:29:52.230642 - Writing team to file: Tennessee State
2018-11-15 19:29:52.230647 - Writing team to file: Texas A&amp;M
2018-11-15 19:29:52.230653 - Writing team to file: Troy
2018-11-15 19:29:52.230658 - Writing team to file: UC Irvine
2018-11-15 19:29:52.230664 - Writing team to file: UCF
2018-11-15 19:29:52.230669 - Writing team to file: UConn
2018-11-15 19:29:52.230675 - Writing team to file: UIC
2018-11-15 19:29:52.230680 - Writing team to file: Utah
2018-11-15 19:29:52.230685 - Writing team to file: Valparaiso
2018-11-15 19:29:52.230710 - Writing team to file: Virginia Tech
2018-11-15 19:29:52.230718 - Writing team to file: Wake Forest
2018-11-15 19:29:52.230724 - Writing team to file: Weber State
2018-11-15 19:29:52.230729 - Writing team to file: West Virginia
2018-11-15 19:29:52.230735 - Writing team to file: Western Ky.
2018-11-15 19:29:52.230741 - Writing team to file: Wichita State
2018-11-15 19:29:52.230746 - Writing team to file: William &amp; Mary
